w    0.0000    0.0000    0.0000    0.0000
    0.0084    0.0062    0.0082    0.0071
    0.0169    0.0124    0.0162    0.0141
    0.0258    0.0186    0.0239    0.0210
    0.0351    0.0247    0.0310    0.0278
    0.0449    0.0307    0.0374    0.0342
    0.0550    0.0365    0.0430    0.0402
    0.0650    0.0419    0.0477    0.0456
    0.0740    0.0467    0.0514    0.0503
    0.0811    0.0507    0.0541    0.0541
    0.0854    0.0538    0.0559    0.0569
    0.0864    0.0557    0.0567    0.0584
    0.0844    0.0564    0.0566    0.0587
    0.0800    0.0559    0.0555    0.0578
    0.0738    0.0542    0.0533    0.0556
    0.0668    0.0513    0.0502    0.0524
    0.0593    0.0473    0.0463    0.0481
    0.0517    0.0426    0.0415    0.0432
    0.0441    0.0372    0.0363    0.0376
    0.0365    0.0314    0.0306    0.0316
    0.0290    0.0253    0.0246    0.0254
    0.0216    0.0191    0.0186    0.0191
    0.0143    0.0127    0.0124    0.0128
    0.0071    0.0064    0.0062    0.0064
    0.0000    0.0000    0.0000    0.0000