   0.000000000000000   1.000000000000000
   0.545555458339003   0.980393111156480
   0.634544115525779   0.889962013996162
   1.132572266554821   0.265621987893085
   1.481278226197501   0.011980145485709
   1.720348430485674   0.033237080934829
   1.952394585813130   0.205440461157814
   2.258533716940742   0.578602297522767
   2.741433336531522   1.086043177953238
   2.878166639199574   1.124784099846376
   3.168094597841996   0.972096780663193
   3.661359864459111   0.009943613504071
   4.055929188166233  -1.047185916544139
   4.085254929565106  -1.120981786328130
   4.551887394041444  -1.936066623274221
   4.956175268880323  -1.853903669827379
   5.210306065792485  -1.422382291792036
   5.557234106332188  -0.545233102271352
   5.742429596912817  -0.044789206843866
   6.244358278574490   0.958169164706470
   6.283185307179586   1.000000000000000