#Distance_(Ang)    Int[@Cl-]
       0.012500     0.000000
       0.037500     0.000000
       0.062500     0.000000
       0.087500     0.000000
       0.112500     0.000000
       0.137500     0.000000
       0.162500     0.000000
       0.187500     0.000000
       0.212500     0.000000
       0.237500     0.000000
       0.262500     0.000000
       0.287500     0.000000
       0.312500     0.000000
       0.337500     0.000000
       0.362500     0.000000
       0.387500     0.000000
       0.412500     0.000000
       0.437500     0.000000
       0.462500     0.000000
       0.487500     0.000000
       0.512500     0.000000
       0.537500     0.000000
       0.562500     0.000000
       0.587500     0.000000
       0.612500     0.000000
       0.637500     0.000000
       0.662500     0.000000
       0.687500     0.000000
       0.712500     0.000000
       0.737500     0.000000
       0.762500     0.000000
       0.787500     0.000000
       0.812500     0.000000
       0.837500     0.000000
       0.862500     0.000000
       0.887500     0.000000
       0.912500     0.000000
       0.937500     0.000000
       0.962500     0.000000
       0.987500     0.000000
       1.012500     0.000000
       1.037500     0.000000
       1.062500     0.000000
       1.087500     0.000000
       1.112500     0.000000
       1.137500     0.000000
       1.162500     0.000000
       1.187500     0.000000
       1.212500     0.000000
       1.237500     0.000000
       1.262500     0.000000
       1.287500     0.000000
       1.312500     0.000000
       1.337500     0.000000
       1.362500     0.000000
       1.387500     0.000000
       1.412500     0.000000
       1.437500     0.000000
       1.462500     0.000000
       1.487500     0.000000
       1.512500     0.000000
       1.537500     0.000000
       1.562500     0.000000
       1.587500     0.000000
       1.612500     0.000000
       1.637500     0.000000
       1.662500     0.000000
       1.687500     0.000000
       1.712500     0.000000
       1.737500     0.000000
       1.762500     0.000000
       1.787500     0.000000
       1.812500     0.000000
       1.837500     0.000000
       1.862500     0.000000
       1.887500     0.000000
       1.912500     0.000000
       1.937500     0.000000
       1.962500     0.000000
       1.987500     0.000000
       2.012500     0.000000
       2.037500     0.000000
       2.062500     0.000000
       2.087500     0.000000
       2.112500     0.000000
       2.137500     0.000000
       2.162500     0.000000
       2.187500     0.000000
       2.212500     0.000000
       2.237500     0.000000
       2.262500     0.000000
       2.287500     0.000000
       2.312500     0.000000
       2.337500     0.000000
       2.362500     0.000000
       2.387500     0.000000
       2.412500     0.000000
       2.437500     0.000000
       2.462500     0.000000
       2.487500     0.000000
       2.512500     0.000000
       2.537500     0.000000
       2.562500     0.000000
       2.587500     0.000000
       2.612500     0.000000
       2.637500     0.000000
       2.662500     0.000000
       2.687500     0.000000
       2.712500     0.000000
       2.737500     0.000000
       2.762500     0.000200
       2.787500     0.000800
       2.812500     0.002200
       2.837500     0.007800
       2.862500     0.022000
       2.887500     0.057600
       2.912500     0.118800
       2.937500     0.211600
       2.962500     0.358400
       2.987500     0.555200
       3.012500     0.811400
       3.037500     1.108600
       3.062500     1.458800
       3.087500     1.855600
       3.112500     2.261000
       3.137500     2.675400
       3.162500     3.081200
       3.187500     3.479600
       3.212500     3.845600
       3.237500     4.209400
       3.262500     4.551000
       3.287500     4.849200
       3.312500     5.109600
       3.337500     5.345000
       3.362500     5.545400
       3.387500     5.739400
       3.412500     5.912400
       3.437500     6.064000
       3.462500     6.202400
       3.487500     6.325000
       3.512500     6.444200
       3.537500     6.541000
       3.562500     6.638600
       3.587500     6.722800
       3.612500     6.809800
       3.637500     6.885800
       3.662500     6.962000
       3.687500     7.039600
       3.712500     7.108600
       3.737500     7.182600
       3.762500     7.252400
       3.787500     7.323600
       3.812500     7.388000
       3.837500     7.463200
       3.862500     7.533200
       3.887500     7.609200
       3.912500     7.694000
       3.937500     7.776800
       3.962500     7.861200
       3.987500     7.951200
       4.012500     8.047400
       4.037500     8.141400
       4.062500     8.240200
       4.087500     8.347400
       4.112500     8.459400
       4.137500     8.578600
       4.162500     8.700800
       4.187500     8.833600
       4.212500     8.961400
       4.237500     9.101000
       4.262500     9.245800
       4.287500     9.388400
       4.312500     9.549400
       4.337500     9.719000
       4.362500     9.899400
       4.387500    10.087200
       4.412500    10.277800
       4.437500    10.475400
       4.462500    10.671200
       4.487500    10.875400
       4.512500    11.084400
       4.537500    11.284600
       4.562500    11.514000
       4.587500    11.744600
       4.612500    11.981400
       4.637500    12.220000
       4.662500    12.452400
       4.687500    12.706000
       4.712500    12.946000
       4.737500    13.207600
       4.762500    13.461400
       4.787500    13.714800
       4.812500    13.992800
       4.837500    14.256600
       4.862500    14.538000
       4.887500    14.832600
       4.912500    15.113200
       4.937500    15.404200
       4.962500    15.681800
       4.987500    15.964600
       5.012500    16.254600
       5.037500    16.550200
       5.062500    16.841000
       5.087500    17.143200
       5.112500    17.444800
       5.137500    17.749200
       5.162500    18.058400
       5.187500    18.365600
       5.212500    18.689600
       5.237500    19.003000
       5.262500    19.307000
       5.287500    19.625200
       5.312500    19.934200
       5.337500    20.263400
       5.362500    20.573200
       5.387500    20.899000
       5.412500    21.219400
       5.437500    21.543000
       5.462500    21.869000
       5.487500    22.199800
       5.512500    22.536200
       5.537500    22.881800
       5.562500    23.222600
       5.587500    23.560000
       5.612500    23.892200
       5.637500    24.231200
       5.662500    24.577200
       5.687500    24.911000
       5.712500    25.229400
       5.737500    25.585000
       5.762500    25.933400
       5.787500    26.287200
       5.812500    26.623600
       5.837500    26.980600
       5.862500    27.335200
       5.887500    27.689400
       5.912500    28.048600
       5.937500    28.396200
       5.962500    28.743800
       5.987500    29.103000
       6.012500    29.440200
       6.037500    29.794600
       6.062500    30.152200
       6.087500    30.508800
       6.112500    30.863800
       6.137500    31.218800
       6.162500    31.590400
       6.187500    31.948200
       6.212500    32.325600
       6.237500    32.696000
       6.262500    33.075000
       6.287500    33.467400
       6.312500    33.849000
       6.337500    34.233600
       6.362500    34.612400
       6.387500    35.013600
       6.412500    35.398600
       6.437500    35.792400
       6.462500    36.214000
       6.487500    36.608200
       6.512500    37.019600
       6.537500    37.435200
       6.562500    37.851800
       6.587500    38.270600
       6.612500    38.704600
       6.637500    39.144200
       6.662500    39.604200
       6.687500    40.046400
       6.712500    40.508200
       6.737500    40.964600
       6.762500    41.434000
       6.787500    41.918800
       6.812500    42.396400
       6.837500    42.884200
       6.862500    43.374000
       6.887500    43.882800
       6.912500    44.387000
       6.937500    44.907600
       6.962500    45.437600
       6.987500    45.951800
       7.012500    46.481000
       7.037500    47.017000
       7.062500    47.539200
       7.087500    48.082800
       7.112500    48.625000
       7.137500    49.177400
       7.162500    49.736600
       7.187500    50.292200
       7.212500    50.855000
       7.237500    51.398200
       7.262500    51.969200
       7.287500    52.539000
       7.312500    53.130600
       7.337500    53.722600
       7.362500    54.313000
       7.387500    54.921400
       7.412500    55.514400
       7.437500    56.111800
       7.462500    56.704600
       7.487500    57.298600
       7.512500    57.900600
       7.537500    58.514800
       7.562500    59.125200
       7.587500    59.732200
       7.612500    60.359000
       7.637500    60.965400
       7.662500    61.582800
       7.687500    62.211600
       7.712500    62.831600
       7.737500    63.465400
       7.762500    64.127000
       7.787500    64.792000
       7.812500    65.426600
       7.837500    66.076800
       7.862500    66.722200
       7.887500    67.358200
       7.912500    68.017600
       7.937500    68.685600
       7.962500    69.332000
       7.987500    69.982200
       8.012500    70.671600
       8.037500    71.342200
       8.062500    71.991800
       8.087500    72.649800
       8.112500    73.318000
       8.137500    73.990400
       8.162500    74.663400
       8.187500    75.345200
       8.212500    76.042600
       8.237500    76.718200
       8.262500    77.383400
       8.287500    78.096800
       8.312500    78.818600
       8.337500    79.547200
       8.362500    80.258800
       8.387500    80.978400
       8.412500    81.691800
       8.437500    82.408600
       8.462500    83.144800
       8.487500    83.875200
       8.512500    84.615800
       8.537500    85.366600
       8.562500    86.102600
       8.587500    86.865000
       8.612500    87.610400
       8.637500    88.391400
       8.662500    89.167400
       8.687500    89.929000
       8.712500    90.697200
       8.737500    91.466200
       8.762500    92.245000
       8.787500    93.031000
       8.812500    93.825600
       8.837500    94.601400
       8.862500    95.411200
       8.887500    96.218400
       8.912500    97.040400
       8.937500    97.867000
       8.962500    98.712800
       8.987500    99.541000
       9.012500   100.379400
       9.037500   101.224000
       9.062500   102.088200
       9.087500   102.953200
       9.112500   103.825800
       9.137500   104.694800
       9.162500   105.570600
       9.187500   106.449200
       9.212500   107.317000
       9.237500   108.179600
       9.262500   109.082400
       9.287500   109.975000
       9.312500   110.886000
       9.337500   111.792600
       9.362500   112.704400
       9.387500   113.592600
       9.412500   114.503800
       9.437500   115.443800
       9.462500   116.357200
       9.487500   117.307200
       9.512500   118.247600
       9.537500   119.211800
       9.562500   120.181000
       9.587500   121.122000
       9.612500   122.098400
       9.637500   123.045200
       9.662500   124.029400
       9.687500   124.998200
       9.712500   125.981200
       9.737500   126.996400
       9.762500   127.959800
       9.787500   128.964400
       9.812500   129.964400
       9.837500   130.953400
       9.862500   131.963000
       9.887500   132.963000
       9.912500   133.970000
       9.937500   135.006600
       9.962500   136.031600
       9.987500   137.060000
