#Distance_(Ang)     Int[@MG]
       0.012500     0.000000
       0.037500     0.000000
       0.062500     0.000000
       0.087500     0.000000
       0.112500     0.000000
       0.137500     0.000000
       0.162500     0.000000
       0.187500     0.000000
       0.212500     0.000000
       0.237500     0.000000
       0.262500     0.000000
       0.287500     0.000000
       0.312500     0.000000
       0.337500     0.000000
       0.362500     0.000000
       0.387500     0.000000
       0.412500     0.000000
       0.437500     0.000000
       0.462500     0.000000
       0.487500     0.000000
       0.512500     0.000000
       0.537500     0.000000
       0.562500     0.000000
       0.587500     0.000000
       0.612500     0.000000
       0.637500     0.000000
       0.662500     0.000000
       0.687500     0.000000
       0.712500     0.000000
       0.737500     0.000000
       0.762500     0.000000
       0.787500     0.000000
       0.812500     0.000000
       0.837500     0.000000
       0.862500     0.000000
       0.887500     0.000000
       0.912500     0.000000
       0.937500     0.000000
       0.962500     0.000000
       0.987500     0.000000
       1.012500     0.000000
       1.037500     0.000000
       1.062500     0.000000
       1.087500     0.000000
       1.112500     0.000000
       1.137500     0.000000
       1.162500     0.000000
       1.187500     0.000000
       1.212500     0.000000
       1.237500     0.000000
       1.262500     0.000000
       1.287500     0.000000
       1.312500     0.000000
       1.337500     0.000000
       1.362500     0.000000
       1.387500     0.000000
       1.412500     0.000000
       1.437500     0.000000
       1.462500     0.000000
       1.487500     0.000000
       1.512500     0.000000
       1.537500     0.000000
       1.562500     0.000000
       1.587500     0.000000
       1.612500     0.000000
       1.637500     0.000000
       1.662500     0.000000
       1.687500     0.000000
       1.712500     0.000000
       1.737500     0.000000
       1.762500     0.000000
       1.787500     0.000000
       1.812500     0.000000
       1.837500     0.000000
       1.862500     0.000000
       1.887500     0.002400
       1.912500     0.020400
       1.937500     0.104000
       1.962500     0.353200
       1.987500     0.919200
       2.012500     1.774000
       2.037500     2.816400
       2.062500     3.818400
       2.087500     4.660000
       2.112500     5.227600
       2.137500     5.586800
       2.162500     5.786400
       2.187500     5.895600
       2.212500     5.952400
       2.237500     5.979200
       2.262500     5.989200
       2.287500     5.996000
       2.312500     5.998400
       2.337500     5.999600
       2.362500     6.000000
       2.387500     6.000000
       2.412500     6.000000
       2.437500     6.000000
       2.462500     6.000000
       2.487500     6.000000
       2.512500     6.000000
       2.537500     6.000000
       2.562500     6.000000
       2.587500     6.000000
       2.612500     6.000000
       2.637500     6.000000
       2.662500     6.000000
       2.687500     6.000000
       2.712500     6.000000
       2.737500     6.000000
       2.762500     6.000000
       2.787500     6.000000
       2.812500     6.000000
       2.837500     6.000000
       2.862500     6.000000
       2.887500     6.000000
       2.912500     6.000000
       2.937500     6.000000
       2.962500     6.000000
       2.987500     6.000000
       3.012500     6.000000
       3.037500     6.000000
       3.062500     6.000000
       3.087500     6.000000
       3.112500     6.000000
       3.137500     6.000000
       3.162500     6.000000
       3.187500     6.000400
       3.212500     6.000400
       3.237500     6.000400
       3.262500     6.000400
       3.287500     6.000400
       3.312500     6.000400
       3.337500     6.000800
       3.362500     6.002400
       3.387500     6.002800
       3.412500     6.004800
       3.437500     6.006800
       3.462500     6.007600
       3.487500     6.012400
       3.512500     6.019200
       3.537500     6.029600
       3.562500     6.041600
       3.587500     6.060000
       3.612500     6.080800
       3.637500     6.099600
       3.662500     6.140800
       3.687500     6.186800
       3.712500     6.243600
       3.737500     6.307200
       3.762500     6.388800
       3.787500     6.476400
       3.812500     6.589600
       3.837500     6.718400
       3.862500     6.848000
       3.887500     7.007200
       3.912500     7.176800
       3.937500     7.380800
       3.962500     7.588800
       3.987500     7.810000
       4.012500     8.064000
       4.037500     8.346800
       4.062500     8.646800
       4.087500     8.939200
       4.112500     9.274000
       4.137500     9.620800
       4.162500     9.986400
       4.187500    10.369600
       4.212500    10.762000
       4.237500    11.148000
       4.262500    11.542800
       4.287500    11.912400
       4.312500    12.310000
       4.337500    12.700400
       4.362500    13.100000
       4.387500    13.480800
       4.412500    13.855600
       4.437500    14.236400
       4.462500    14.604800
       4.487500    14.962000
       4.512500    15.335200
       4.537500    15.691600
       4.562500    16.031200
       4.587500    16.361600
       4.612500    16.646000
       4.637500    16.933200
       4.662500    17.208000
       4.687500    17.478400
       4.712500    17.726400
       4.737500    17.973200
       4.762500    18.214400
       4.787500    18.428400
       4.812500    18.646400
       4.837500    18.866000
       4.862500    19.074000
       4.887500    19.285600
       4.912500    19.494000
       4.937500    19.691600
       4.962500    19.909200
       4.987500    20.101600
       5.012500    20.296400
       5.037500    20.498400
       5.062500    20.712800
       5.087500    20.914400
       5.112500    21.139600
       5.137500    21.325600
       5.162500    21.527600
       5.187500    21.734000
       5.212500    21.955600
       5.237500    22.174400
       5.262500    22.394400
       5.287500    22.612000
       5.312500    22.839200
       5.337500    23.066000
       5.362500    23.286400
       5.387500    23.522400
       5.412500    23.767200
       5.437500    24.003600
       5.462500    24.237600
       5.487500    24.503200
       5.512500    24.746800
       5.537500    25.014000
       5.562500    25.279600
       5.587500    25.551200
       5.612500    25.814400
       5.637500    26.100800
       5.662500    26.382800
       5.687500    26.682800
       5.712500    26.975600
       5.737500    27.266800
       5.762500    27.584000
       5.787500    27.894000
       5.812500    28.209600
       5.837500    28.516000
       5.862500    28.856800
       5.887500    29.182000
       5.912500    29.533200
       5.937500    29.874000
       5.962500    30.222400
       5.987500    30.582400
       6.012500    30.959200
       6.037500    31.323600
       6.062500    31.715600
       6.087500    32.098400
       6.112500    32.502800
       6.137500    32.896000
       6.162500    33.286800
       6.187500    33.698800
       6.212500    34.119600
       6.237500    34.527200
       6.262500    34.948800
       6.287500    35.378400
       6.312500    35.824800
       6.337500    36.274000
       6.362500    36.718800
       6.387500    37.189200
       6.412500    37.676800
       6.437500    38.132000
       6.462500    38.622800
       6.487500    39.089600
       6.512500    39.567600
       6.537500    40.037600
       6.562500    40.515200
       6.587500    41.002000
       6.612500    41.465200
       6.637500    41.974400
       6.662500    42.501200
       6.687500    43.016800
       6.712500    43.531200
       6.737500    44.020800
       6.762500    44.534800
       6.787500    45.034400
       6.812500    45.531200
       6.837500    46.060400
       6.862500    46.571600
       6.887500    47.080400
       6.912500    47.592400
       6.937500    48.124800
       6.962500    48.662400
       6.987500    49.176000
       7.012500    49.714000
       7.037500    50.244800
       7.062500    50.776800
       7.087500    51.323600
       7.112500    51.864800
       7.137500    52.383200
       7.162500    52.907600
       7.187500    53.416800
       7.212500    53.933200
       7.237500    54.481200
       7.262500    55.009200
       7.287500    55.553600
       7.312500    56.067600
       7.337500    56.601200
       7.362500    57.141600
       7.387500    57.690000
       7.412500    58.240400
       7.437500    58.800000
       7.462500    59.351600
       7.487500    59.918800
       7.512500    60.455600
       7.537500    61.020800
       7.562500    61.606800
       7.587500    62.214000
       7.612500    62.798000
       7.637500    63.346400
       7.662500    63.929600
       7.687500    64.508800
       7.712500    65.122000
       7.737500    65.680000
       7.762500    66.290000
       7.787500    66.904400
       7.812500    67.534000
       7.837500    68.132400
       7.862500    68.738400
       7.887500    69.385200
       7.912500    70.022000
       7.937500    70.671200
       7.962500    71.322800
       7.987500    71.973200
       8.012500    72.626000
       8.037500    73.296400
       8.062500    73.936800
       8.087500    74.600400
       8.112500    75.300800
       8.137500    75.993600
       8.162500    76.691200
       8.187500    77.389600
       8.212500    78.106800
       8.237500    78.802400
       8.262500    79.519200
       8.287500    80.230000
       8.312500    80.925600
       8.337500    81.603200
       8.362500    82.328000
       8.387500    83.074400
       8.412500    83.822800
       8.437500    84.570400
       8.462500    85.314800
       8.487500    86.093600
       8.512500    86.862800
       8.537500    87.590400
       8.562500    88.407200
       8.587500    89.179600
       8.612500    89.945600
       8.637500    90.736800
       8.662500    91.503600
       8.687500    92.296000
       8.712500    93.073600
       8.737500    93.893200
       8.762500    94.707600
       8.787500    95.514400
       8.812500    96.345600
       8.837500    97.152800
       8.862500    97.970400
       8.887500    98.792800
       8.912500    99.573600
       8.937500   100.396000
       8.962500   101.243200
       8.987500   102.098000
       9.012500   102.938800
       9.037500   103.782800
       9.062500   104.626400
       9.087500   105.479600
       9.112500   106.352400
       9.137500   107.183600
       9.162500   108.036400
       9.187500   108.908400
       9.212500   109.766000
       9.237500   110.620400
       9.262500   111.510800
       9.287500   112.417600
       9.312500   113.294000
       9.337500   114.206800
       9.362500   115.116400
       9.387500   116.032400
       9.412500   116.939200
       9.437500   117.877200
       9.462500   118.808400
       9.487500   119.726000
       9.512500   120.653200
       9.537500   121.573600
       9.562500   122.515200
       9.587500   123.438400
       9.612500   124.388000
       9.637500   125.355200
       9.662500   126.312400
       9.687500   127.242800
       9.712500   128.193200
       9.737500   129.155200
       9.762500   130.113200
       9.787500   131.125200
       9.812500   132.097600
       9.837500   133.096800
       9.862500   134.138000
       9.887500   135.157600
       9.912500   136.190800
       9.937500   137.201200
       9.962500   138.211600
       9.987500   139.253600
