#Distance_(Ang)    @O_=>_@MG
       0.012500     0.000000
       0.037500     0.000000
       0.062500     0.000000
       0.087500     0.000000
       0.112500     0.000000
       0.137500     0.000000
       0.162500     0.000000
       0.187500     0.000000
       0.212500     0.000000
       0.237500     0.000000
       0.262500     0.000000
       0.287500     0.000000
       0.312500     0.000000
       0.337500     0.000000
       0.362500     0.000000
       0.387500     0.000000
       0.412500     0.000000
       0.437500     0.000000
       0.462500     0.000000
       0.487500     0.000000
       0.512500     0.000000
       0.537500     0.000000
       0.562500     0.000000
       0.587500     0.000000
       0.612500     0.000000
       0.637500     0.000000
       0.662500     0.000000
       0.687500     0.000000
       0.712500     0.000000
       0.737500     0.000000
       0.762500     0.000000
       0.787500     0.000000
       0.812500     0.000000
       0.837500     0.000000
       0.862500     0.000000
       0.887500     0.000000
       0.912500     0.000000
       0.937500     0.000000
       0.962500     0.000000
       0.987500     0.000000
       1.012500     0.000000
       1.037500     0.000000
       1.062500     0.000000
       1.087500     0.000000
       1.112500     0.000000
       1.137500     0.000000
       1.162500     0.000000
       1.187500     0.000000
       1.212500     0.000000
       1.237500     0.000000
       1.262500     0.000000
       1.287500     0.000000
       1.312500     0.000000
       1.337500     0.000000
       1.362500     0.000000
       1.387500     0.000000
       1.412500     0.000000
       1.437500     0.000000
       1.462500     0.000000
       1.487500     0.000000
       1.512500     0.000000
       1.537500     0.000000
       1.562500     0.000000
       1.587500     0.000000
       1.612500     0.000000
       1.637500     0.000000
       1.662500     0.000000
       1.687500     0.000000
       1.712500     0.000000
       1.737500     0.000000
       1.762500     0.000000
       1.787500     0.000000
       1.812500     0.000000
       1.837500     0.000000
       1.862500     0.000000
       1.887500     0.064092
       1.912500     0.468209
       1.937500     2.118815
       1.962500     6.156005
       1.987500    13.632407
       2.012500    20.079979
       2.037500    23.889652
       2.062500    22.410451
       2.087500    18.374845
       2.112500    12.100965
       2.137500     7.479891
       2.162500     4.060875
       2.187500     2.171190
       2.212500     1.103960
       2.237500     0.509308
       2.262500     0.185864
       2.287500     0.123640
       2.312500     0.042699
       2.337500     0.020895
       2.362500     0.006818
       2.387500     0.000000
       2.412500     0.000000
       2.437500     0.000000
       2.462500     0.000000
       2.487500     0.000000
       2.512500     0.000000
       2.537500     0.000000
       2.562500     0.000000
       2.587500     0.000000
       2.612500     0.000000
       2.637500     0.000000
       2.662500     0.000000
       2.687500     0.000000
       2.712500     0.000000
       2.737500     0.000000
       2.762500     0.000000
       2.787500     0.000000
       2.812500     0.000000
       2.837500     0.000000
       2.862500     0.000000
       2.887500     0.000000
       2.912500     0.000000
       2.937500     0.000000
       2.962500     0.000000
       2.987500     0.000000
       3.012500     0.000000
       3.037500     0.000000
       3.062500     0.000000
       3.087500     0.000000
       3.112500     0.000000
       3.137500     0.000000
       3.162500     0.000000
       3.187500     0.003746
       3.212500     0.000000
       3.237500     0.000000
       3.262500     0.000000
       3.287500     0.000000
       3.312500     0.000000
       3.337500     0.003417
       3.362500     0.013464
       3.387500     0.003316
       3.412500     0.016340
       3.437500     0.016103
       3.462500     0.006349
       3.487500     0.037548
       3.512500     0.052439
       3.537500     0.079071
       3.562500     0.089959
       3.587500     0.136022
       3.612500     0.151643
       3.637500     0.135184
       3.662500     0.292224
       3.687500     0.321861
       3.712500     0.392094
       3.737500     0.433181
       3.762500     0.548418
       3.787500     0.580996
       3.812500     0.740971
       3.837500     0.832135
       3.862500     0.826500
       3.887500     1.002252
       3.912500     1.054124
       3.937500     1.251883
       3.962500     1.260374
       3.987500     1.323605
       4.012500     1.500992
       4.037500     1.650551
       4.062500     1.729455
       4.087500     1.665086
       4.112500     1.883425
       4.137500     1.927427
       4.162500     2.007578
       4.187500     2.079173
       4.212500     2.103895
       4.237500     2.045233
       4.262500     2.067394
       4.287500     1.912928
       4.312500     2.034057
       4.337500     1.974266
       4.362500     1.997697
       4.387500     1.882078
       4.412500     1.831492
       4.437500     1.839904
       4.462500     1.760103
       4.487500     1.687631
       4.512500     1.743742
       4.537500     1.646946
       4.562500     1.552162
       4.587500     1.493698
       4.612500     1.271838
       4.637500     1.270550
       4.662500     1.202691
       4.687500     1.170844
       4.712500     1.062488
       4.737500     1.046217
       4.762500     1.011771
       4.787500     0.888324
       4.812500     0.895551
       4.837500     0.892823
       4.862500     0.836988
       4.887500     0.842786
       4.912500     0.821614
       4.937500     0.771166
       4.962500     0.840685
       4.987500     0.735893
       5.012500     0.737659
       5.037500     0.757350
       5.062500     0.795921
       5.087500     0.741066
       5.112500     0.819742
       5.137500     0.670478
       5.162500     0.721118
       5.187500     0.729741
       5.212500     0.775984
       5.237500     0.758882
       5.262500     0.755812
       5.287500     0.740514
       5.312500     0.765924
       5.337500     0.757430
       5.362500     0.729209
       5.387500     0.773593
       5.412500     0.795044
       5.437500     0.760719
       5.462500     0.746119
       5.487500     0.839179
       5.512500     0.762703
       5.537500     0.829057
       5.562500     0.816702
       5.587500     0.827695
       5.612500     0.794966
       5.637500     0.857384
       5.662500     0.836774
       5.687500     0.882376
       5.712500     0.853678
       5.737500     0.841630
       5.762500     0.908839
       5.787500     0.880552
       5.812500     0.888764
       5.837500     0.855481
       5.862500     0.943429
       5.887500     0.892615
       5.912500     0.955845
       5.937500     0.919746
       5.962500     0.932388
       5.987500     0.955404
       6.012500     0.991691
       6.037500     0.951129
       6.062500     1.014748
       6.087500     0.982810
       6.112500     1.029791
       6.137500     0.993130
       6.162500     0.979076
       6.187500     1.023864
       6.212500     1.037334
       6.237500     0.996755
       6.262500     1.022776
       6.287500     1.033913
       6.312500     1.065852
       6.337500     1.064092
       6.362500     1.045405
       6.387500     1.096935
       6.412500     1.128196
       6.437500     1.045065
       6.462500     1.118096
       6.487500     1.055241
       6.512500     1.072279
       6.537500     1.046285
       6.562500     1.055119
       6.587500     1.067296
       6.612500     1.007889
       6.637500     1.099651
       6.662500     1.129138
       6.687500     1.096885
       6.712500     1.086195
       6.737500     1.026170
       6.762500     1.069361
       6.787500     1.031759
       6.812500     1.018460
       6.837500     1.076963
       6.862500     1.032766
       6.887500     1.020468
       6.912500     1.019472
       6.937500     1.052465
       6.962500     1.055126
       6.987500     1.000822
       7.012500     1.040908
       7.037500     1.019694
       7.062500     1.014776
       7.087500     1.035662
       7.112500     1.017862
       7.137500     0.968163
       7.162500     0.972544
       7.187500     0.937796
       7.212500     0.944475
       7.237500     0.995357
       7.262500     0.952439
       7.287500     0.975297
       7.312500     0.914549
       7.337500     0.942964
       7.362500     0.948507
       7.387500     0.956045
       7.412500     0.953070
       7.437500     0.962497
       7.462500     0.942391
       7.487500     0.962583
       7.512500     0.904939
       7.537500     0.946506
       7.562500     0.974861
       7.587500     1.003483
       7.612500     0.958813
       7.637500     0.894480
       7.662500     0.945045
       7.687500     0.932468
       7.712500     0.980816
       7.737500     0.886765
       7.762500     0.963169
       7.787500     0.963897
       7.812500     0.981432
       7.837500     0.926856
       7.862500     0.932668
       7.887500     0.989161
       7.912500     0.967724
       7.937500     0.980363
       7.962500     0.977818
       7.987500     0.969917
       8.012500     0.967431
       8.037500     0.987342
       8.062500     0.937319
       8.087500     0.965281
       8.112500     1.012541
       8.137500     0.995409
       8.162500     0.996175
       8.187500     0.991237
       8.212500     1.011732
       8.237500     0.975314
       8.262500     0.998966
       8.287500     0.984637
       8.312500     0.957794
       8.337500     0.927422
       8.362500     0.986102
       8.387500     1.009444
       8.412500     1.006142
       8.437500     0.999120
       8.462500     0.988974
       8.487500     1.028590
       8.512500     1.009952
       8.537500     0.949745
       8.562500     1.059962
       8.587500     0.996517
       8.612500     0.982531
       8.637500     1.008988
       8.662500     0.972235
       8.687500     0.998920
       8.712500     0.974645
       8.737500     1.021418
       8.762500     1.009154
       8.787500     0.994056
       8.812500     1.018317
       8.837500     0.983327
       8.862500     0.990385
       8.887500     0.990603
       8.912500     0.935226
       8.937500     0.979550
       8.962500     1.003468
       8.987500     1.006845
       9.012500     0.984868
       9.037500     0.983154
       9.062500     0.977274
       9.087500     0.982965
       9.112500     1.000036
       9.137500     0.947167
       9.162500     0.966485
       9.187500     0.982873
       9.212500     0.961403
       9.237500     0.952639
       9.262500     0.987426
       9.287500     1.000207
       9.312500     0.961492
       9.337500     0.996071
       9.362500     0.987285
       9.387500     0.988943
       9.412500     0.973817
       9.437500     1.001993
       9.462500     0.989480
       9.487500     0.969897
       9.512500     0.974900
       9.537500     0.962683
       9.562500     0.979714
       9.587500     0.955566
       9.612500     0.977786
       9.637500     0.990748
       9.662500     0.975438
       9.687500     0.943240
       9.712500     0.958562
       9.737500     0.965286
       9.762500     0.956355
       9.787500     1.005108
       9.812500     0.960863
       9.837500     0.982333
       9.862500     1.018441
       9.887500     0.992277
       9.912500     1.000447
       9.937500     0.973453
       9.962500     0.968573
       9.987500     0.993871
