#Distance_(Ang)   @O_=>_@Cl-
       0.012500     0.000000
       0.037500     0.000000
       0.062500     0.000000
       0.087500     0.000000
       0.112500     0.000000
       0.137500     0.000000
       0.162500     0.000000
       0.187500     0.000000
       0.212500     0.000000
       0.237500     0.000000
       0.262500     0.000000
       0.287500     0.000000
       0.312500     0.000000
       0.337500     0.000000
       0.362500     0.000000
       0.387500     0.000000
       0.412500     0.000000
       0.437500     0.000000
       0.462500     0.000000
       0.487500     0.000000
       0.512500     0.000000
       0.537500     0.000000
       0.562500     0.000000
       0.587500     0.000000
       0.612500     0.000000
       0.637500     0.000000
       0.662500     0.000000
       0.687500     0.000000
       0.712500     0.000000
       0.737500     0.000000
       0.762500     0.000000
       0.787500     0.000000
       0.812500     0.000000
       0.837500     0.000000
       0.862500     0.000000
       0.887500     0.000000
       0.912500     0.000000
       0.937500     0.000000
       0.962500     0.000000
       0.987500     0.000000
       1.012500     0.000000
       1.037500     0.000000
       1.062500     0.000000
       1.087500     0.000000
       1.112500     0.000000
       1.137500     0.000000
       1.162500     0.000000
       1.187500     0.000000
       1.212500     0.000000
       1.237500     0.000000
       1.262500     0.000000
       1.287500     0.000000
       1.312500     0.000000
       1.337500     0.000000
       1.362500     0.000000
       1.387500     0.000000
       1.412500     0.000000
       1.437500     0.000000
       1.462500     0.000000
       1.487500     0.000000
       1.512500     0.000000
       1.537500     0.000000
       1.562500     0.000000
       1.587500     0.000000
       1.612500     0.000000
       1.637500     0.000000
       1.662500     0.000000
       1.687500     0.000000
       1.712500     0.000000
       1.737500     0.000000
       1.762500     0.000000
       1.787500     0.000000
       1.812500     0.000000
       1.837500     0.000000
       1.862500     0.000000
       1.887500     0.000000
       1.912500     0.000000
       1.937500     0.000000
       1.962500     0.000000
       1.987500     0.000000
       2.012500     0.000000
       2.037500     0.000000
       2.062500     0.000000
       2.087500     0.000000
       2.112500     0.000000
       2.137500     0.000000
       2.162500     0.000000
       2.187500     0.000000
       2.212500     0.000000
       2.237500     0.000000
       2.262500     0.000000
       2.287500     0.000000
       2.312500     0.000000
       2.337500     0.000000
       2.362500     0.000000
       2.387500     0.000000
       2.412500     0.000000
       2.437500     0.000000
       2.462500     0.000000
       2.487500     0.000000
       2.512500     0.000000
       2.537500     0.000000
       2.562500     0.000000
       2.587500     0.000000
       2.612500     0.000000
       2.637500     0.000000
       2.662500     0.000000
       2.687500     0.000000
       2.712500     0.000000
       2.737500     0.000000
       2.762500     0.002493
       2.787500     0.007347
       2.812500     0.016839
       2.837500     0.066174
       2.862500     0.164881
       2.887500     0.406237
       2.912500     0.686425
       2.937500     1.023212
       2.962500     1.591413
       2.987500     2.097891
       3.012500     2.685954
       3.037500     3.064714
       3.062500     3.552529
       3.087500     3.960331
       3.112500     3.981427
       3.137500     4.005217
       3.162500     3.860333
       3.187500     3.730721
       3.212500     3.374184
       3.237500     3.302304
       3.262500     3.053450
       3.287500     2.625126
       3.312500     2.257892
       3.337500     2.010657
       3.362500     1.686348
       3.387500     1.608486
       3.412500     1.413432
       3.437500     1.220641
       3.462500     1.098325
       3.487500     0.959039
       3.512500     0.919217
       3.537500     0.735964
       3.562500     0.731669
       3.587500     0.622447
       3.612500     0.634275
       3.637500     0.546490
       3.662500     0.540473
       3.687500     0.542965
       3.712500     0.476311
       3.737500     0.504015
       3.762500     0.469112
       3.787500     0.472225
       3.812500     0.421542
       3.837500     0.485843
       3.862500     0.446412
       3.887500     0.478462
       3.912500     0.527062
       3.937500     0.508117
       3.962500     0.511421
       3.987500     0.538537
       4.012500     0.568486
       4.037500     0.548627
       4.062500     0.569567
       4.087500     0.610456
       4.112500     0.630059
       4.137500     0.662483
       4.162500     0.671023
       4.187500     0.720549
       4.212500     0.685213
       4.237500     0.739675
       4.262500     0.758254
       4.287500     0.738051
       4.312500     0.823650
       4.337500     0.857673
       4.362500     0.901863
       4.387500     0.928189
       4.412500     0.931383
       4.437500     0.954740
       4.462500     0.935473
       4.487500     0.964766
       4.512500     0.976533
       4.537500     0.925136
       4.562500     1.048486
       4.587500     1.042515
       4.612500     1.058971
       4.637500     1.055547
       4.662500     1.017123
       4.687500     1.098100
       4.712500     1.028214
       4.737500     1.108956
       4.762500     1.064625
       4.787500     1.051875
       4.812500     1.142032
       4.837500     1.072526
       4.862500     1.132348
       4.887500     1.173368
       4.912500     1.106261
       4.937500     1.135675
       4.962500     1.072491
       4.987500     1.081655
       5.012500     1.098157
       5.037500     1.108280
       5.062500     1.079542
       5.087500     1.110864
       5.112500     1.097842
       5.137500     1.097277
       5.162500     1.103811
       5.187500     1.086126
       5.212500     1.134562
       5.237500     1.086992
       5.262500     1.044395
       5.287500     1.082866
       5.312500     1.041684
       5.337500     1.099409
       5.362500     1.024996
       5.387500     1.067952
       5.412500     1.040572
       5.437500     1.041323
       5.462500     1.039465
       5.487500     1.045182
       5.512500     1.053257
       5.537500     1.072313
       5.562500     1.047936
       5.587500     1.028218
       5.612500     1.003373
       5.637500     1.014850
       5.662500     1.026680
       5.687500     0.981791
       5.712500     0.928316
       5.737500     1.027760
       5.762500     0.998232
       5.787500     1.004966
       5.812500     0.947339
       5.837500     0.996758
       5.862500     0.981631
       5.887500     0.972215
       5.912500     0.977619
       5.937500     0.938098
       5.962500     0.930247
       5.987500     0.953281
       6.012500     0.887468
       6.037500     0.925028
       6.062500     0.925698
       6.087500     0.915543
       6.112500     0.903995
       6.137500     0.896646
       6.162500     0.930974
       6.187500     0.889171
       6.212500     0.930346
       6.237500     0.905786
       6.262500     0.919431
       6.287500     0.944384
       6.312500     0.911132
       6.337500     0.911064
       6.362500     0.890287
       6.387500     0.935566
       6.412500     0.890803
       6.437500     0.904101
       6.462500     0.960451
       6.487500     0.891123
       6.512500     0.922878
       6.537500     0.925183
       6.562500     0.920357
       6.587500     0.918208
       6.612500     0.944352
       6.637500     0.949345
       6.662500     0.985959
       6.687500     0.940734
       6.712500     0.975126
       6.737500     0.956585
       6.762500     0.976572
       6.787500     1.001195
       6.812500     0.979100
       6.837500     0.992711
       6.862500     0.989532
       6.887500     1.020468
       6.912500     1.003941
       6.937500     1.029138
       6.962500     1.040210
       6.987500     1.001992
       7.012500     1.023882
       7.037500     1.029683
       7.062500     0.996083
       7.087500     1.029601
       7.112500     1.019743
       7.137500     1.031661
       7.162500     1.037083
       7.187500     1.023251
       7.212500     1.029338
       7.237500     0.986639
       7.262500     1.030005
       7.287500     1.020801
       7.312500     1.052621
       7.337500     1.046167
       7.362500     1.036266
       7.387500     1.060645
       7.412500     1.026836
       7.437500     1.027512
       7.462500     1.012780
       7.487500     1.008065
       7.512500     1.014853
       7.537500     1.028563
       7.562500     1.015452
       7.587500     1.003153
       7.612500     1.029082
       7.637500     0.989082
       7.662500     1.000464
       7.687500     1.012320
       7.712500     0.991693
       7.737500     1.007225
       7.762500     1.044643
       7.787500     1.043281
       7.812500     0.989227
       7.837500     1.007088
       7.862500     0.993307
       7.887500     0.972644
       7.912500     1.002068
       7.937500     1.008753
       7.962500     0.970014
       7.987500     0.969619
       8.012500     1.021671
       8.037500     0.987637
       8.062500     0.950785
       8.087500     0.957135
       8.112500     0.965990
       8.137500     0.966099
       8.162500     0.961047
       8.187500     0.967676
       8.212500     0.983800
       8.237500     0.947272
       8.262500     0.927054
       8.287500     0.988239
       8.312500     0.993869
       8.337500     0.997225
       8.362500     0.968143
       8.387500     0.973200
       8.412500     0.959089
       8.437500     0.957957
       8.462500     0.978080
       8.487500     0.964666
       8.512500     0.972401
       8.537500     0.980028
       8.562500     0.955108
       8.587500     0.983615
       8.612500     0.956108
       8.637500     0.995980
       8.662500     0.983900
       8.687500     0.960093
       8.712500     0.962863
       8.737500     0.958358
       8.762500     0.965041
       8.787500     0.968429
       8.812500     0.973478
       8.837500     0.945076
       8.862500     0.980937
       8.887500     0.972294
       8.912500     0.984574
       8.937500     0.984553
       8.962500     1.001810
       8.987500     0.975513
       9.012500     0.982057
       9.037500     0.983853
       9.062500     1.001138
       9.087500     0.996559
       9.112500     0.999807
       9.137500     0.990241
       9.162500     0.992551
       9.187500     0.990313
       9.212500     0.972838
       9.237500     0.961781
       9.262500     1.001177
       9.287500     0.984544
       9.312500     0.999451
       9.337500     0.989305
       9.362500     0.989673
       9.387500     0.958930
       9.412500     0.978542
       9.437500     1.004130
       9.462500     0.970566
       9.487500     1.004144
       9.512500     0.988779
       9.537500     1.008495
       9.562500     1.008431
       9.587500     0.973991
       9.612500     1.005382
       9.637500     0.969852
       9.662500     1.002952
       9.687500     0.982170
       9.712500     0.991442
       9.737500     1.018668
       9.762500     0.961746
       9.787500     0.997759
       9.812500     0.988136
       9.837500     0.972305
       9.862500     0.987532
       9.887500     0.973202
       9.912500     0.975077
       9.937500     0.998695
       9.962500     0.982569
       9.987500     0.980899
